X_poly =

 Columns 1 through 7:

  -15.93676    0.00000    0.00000    0.00000    0.00000    0.00000    0.00000
  -29.15298    0.00000    0.00000    0.00000    0.00000    0.00000    0.00000
   36.18955    0.00000    0.00000    0.00000    0.00000    0.00000    0.00000
   37.49219    0.00000    0.00000    0.00000    0.00000    0.00000    0.00000
  -48.05883    0.00000    0.00000    0.00000    0.00000    0.00000    0.00000
   -8.94146    0.00000    0.00000    0.00000    0.00000    0.00000    0.00000
   15.30779    0.00000    0.00000    0.00000    0.00000    0.00000    0.00000
  -34.70627    0.00000    0.00000    0.00000    0.00000    0.00000    0.00000
    1.38915    0.00000    0.00000    0.00000    0.00000    0.00000    0.00000
  -44.38376    0.00000    0.00000    0.00000    0.00000    0.00000    0.00000
    7.01350    0.00000    0.00000    0.00000    0.00000    0.00000    0.00000
   22.76275    0.00000    0.00000    0.00000    0.00000    0.00000    0.00000

 Column 8:

    0.00000
    0.00000
    0.00000
    0.00000
    0.00000
    0.00000
    0.00000
    0.00000
    0.00000
    0.00000
    0.00000
    0.00000

X_poly =

 Columns 1 through 6:

  -1.5937e+01   2.5398e+02   0.0000e+00   0.0000e+00   0.0000e+00   0.0000e+00
  -2.9153e+01   8.4990e+02   0.0000e+00   0.0000e+00   0.0000e+00   0.0000e+00
   3.6190e+01   1.3097e+03   0.0000e+00   0.0000e+00   0.0000e+00   0.0000e+00
   3.7492e+01   1.4057e+03   0.0000e+00   0.0000e+00   0.0000e+00   0.0000e+00
  -4.8059e+01   2.3097e+03   0.0000e+00   0.0000e+00   0.0000e+00   0.0000e+00
  -8.9415e+00   7.9950e+01   0.0000e+00   0.0000e+00   0.0000e+00   0.0000e+00
   1.5308e+01   2.3433e+02   0.0000e+00   0.0000e+00   0.0000e+00   0.0000e+00
  -3.4706e+01   1.2045e+03   0.0000e+00   0.0000e+00   0.0000e+00   0.0000e+00
   1.3892e+00   1.9297e+00   0.0000e+00   0.0000e+00   0.0000e+00   0.0000e+00
  -4.4384e+01   1.9699e+03   0.0000e+00   0.0000e+00   0.0000e+00   0.0000e+00
   7.0135e+00   4.9189e+01   0.0000e+00   0.0000e+00   0.0000e+00   0.0000e+00
   2.2763e+01   5.1814e+02   0.0000e+00   0.0000e+00   0.0000e+00   0.0000e+00

 Columns 7 and 8:

   0.0000e+00   0.0000e+00
   0.0000e+00   0.0000e+00
   0.0000e+00   0.0000e+00
   0.0000e+00   0.0000e+00
   0.0000e+00   0.0000e+00
   0.0000e+00   0.0000e+00
   0.0000e+00   0.0000e+00
   0.0000e+00   0.0000e+00
   0.0000e+00   0.0000e+00
   0.0000e+00   0.0000e+00
   0.0000e+00   0.0000e+00
   0.0000e+00   0.0000e+00

X_poly =

 Columns 1 through 6:

  -1.5937e+01   2.5398e+02  -4.0476e+03   0.0000e+00   0.0000e+00   0.0000e+00
  -2.9153e+01   8.4990e+02  -2.4777e+04   0.0000e+00   0.0000e+00   0.0000e+00
   3.6190e+01   1.3097e+03   4.7397e+04   0.0000e+00   0.0000e+00   0.0000e+00
   3.7492e+01   1.4057e+03   5.2701e+04   0.0000e+00   0.0000e+00   0.0000e+00
  -4.8059e+01   2.3097e+03  -1.1100e+05   0.0000e+00   0.0000e+00   0.0000e+00
  -8.9415e+00   7.9950e+01  -7.1487e+02   0.0000e+00   0.0000e+00   0.0000e+00
   1.5308e+01   2.3433e+02   3.5871e+03   0.0000e+00   0.0000e+00   0.0000e+00
  -3.4706e+01   1.2045e+03  -4.1805e+04   0.0000e+00   0.0000e+00   0.0000e+00
   1.3892e+00   1.9297e+00   2.6807e+00   0.0000e+00   0.0000e+00   0.0000e+00
  -4.4384e+01   1.9699e+03  -8.7432e+04   0.0000e+00   0.0000e+00   0.0000e+00
   7.0135e+00   4.9189e+01   3.4499e+02   0.0000e+00   0.0000e+00   0.0000e+00
   2.2763e+01   5.1814e+02   1.1794e+04   0.0000e+00   0.0000e+00   0.0000e+00

 Columns 7 and 8:

   0.0000e+00   0.0000e+00
   0.0000e+00   0.0000e+00
   0.0000e+00   0.0000e+00
   0.0000e+00   0.0000e+00
   0.0000e+00   0.0000e+00
   0.0000e+00   0.0000e+00
   0.0000e+00   0.0000e+00
   0.0000e+00   0.0000e+00
   0.0000e+00   0.0000e+00
   0.0000e+00   0.0000e+00
   0.0000e+00   0.0000e+00
   0.0000e+00   0.0000e+00

X_poly =

 Columns 1 through 6:

  -1.5937e+01   2.5398e+02  -4.0476e+03   6.4506e+04   0.0000e+00   0.0000e+00
  -2.9153e+01   8.4990e+02  -2.4777e+04   7.2232e+05   0.0000e+00   0.0000e+00
   3.6190e+01   1.3097e+03   4.7397e+04   1.7153e+06   0.0000e+00   0.0000e+00
   3.7492e+01   1.4057e+03   5.2701e+04   1.9759e+06   0.0000e+00   0.0000e+00
  -4.8059e+01   2.3097e+03  -1.1100e+05   5.3345e+06   0.0000e+00   0.0000e+00
  -8.9415e+00   7.9950e+01  -7.1487e+02   6.3919e+03   0.0000e+00   0.0000e+00
   1.5308e+01   2.3433e+02   3.5871e+03   5.4910e+04   0.0000e+00   0.0000e+00
  -3.4706e+01   1.2045e+03  -4.1805e+04   1.4509e+06   0.0000e+00   0.0000e+00
   1.3892e+00   1.9297e+00   2.6807e+00   3.7239e+00   0.0000e+00   0.0000e+00
  -4.4384e+01   1.9699e+03  -8.7432e+04   3.8806e+06   0.0000e+00   0.0000e+00
   7.0135e+00   4.9189e+01   3.4499e+02   2.4196e+03   0.0000e+00   0.0000e+00
   2.2763e+01   5.1814e+02   1.1794e+04   2.6847e+05   0.0000e+00   0.0000e+00

 Columns 7 and 8:

   0.0000e+00   0.0000e+00
   0.0000e+00   0.0000e+00
   0.0000e+00   0.0000e+00
   0.0000e+00   0.0000e+00
   0.0000e+00   0.0000e+00
   0.0000e+00   0.0000e+00
   0.0000e+00   0.0000e+00
   0.0000e+00   0.0000e+00
   0.0000e+00   0.0000e+00
   0.0000e+00   0.0000e+00
   0.0000e+00   0.0000e+00
   0.0000e+00   0.0000e+00

X_poly =

 Columns 1 through 6:

  -1.5937e+01   2.5398e+02  -4.0476e+03   6.4506e+04  -1.0280e+06   0.0000e+00
  -2.9153e+01   8.4990e+02  -2.4777e+04   7.2232e+05  -2.1058e+07   0.0000e+00
   3.6190e+01   1.3097e+03   4.7397e+04   1.7153e+06   6.2075e+07   0.0000e+00
   3.7492e+01   1.4057e+03   5.2701e+04   1.9759e+06   7.4080e+07   0.0000e+00
  -4.8059e+01   2.3097e+03  -1.1100e+05   5.3345e+06  -2.5637e+08   0.0000e+00
  -8.9415e+00   7.9950e+01  -7.1487e+02   6.3919e+03  -5.7153e+04   0.0000e+00
   1.5308e+01   2.3433e+02   3.5871e+03   5.4910e+04   8.4055e+05   0.0000e+00
  -3.4706e+01   1.2045e+03  -4.1805e+04   1.4509e+06  -5.0355e+07   0.0000e+00
   1.3892e+00   1.9297e+00   2.6807e+00   3.7239e+00   5.1731e+00   0.0000e+00
  -4.4384e+01   1.9699e+03  -8.7432e+04   3.8806e+06  -1.7223e+08   0.0000e+00
   7.0135e+00   4.9189e+01   3.4499e+02   2.4196e+03   1.6970e+04   0.0000e+00
   2.2763e+01   5.1814e+02   1.1794e+04   2.6847e+05   6.1112e+06   0.0000e+00

 Columns 7 and 8:

   0.0000e+00   0.0000e+00
   0.0000e+00   0.0000e+00
   0.0000e+00   0.0000e+00
   0.0000e+00   0.0000e+00
   0.0000e+00   0.0000e+00
   0.0000e+00   0.0000e+00
   0.0000e+00   0.0000e+00
   0.0000e+00   0.0000e+00
   0.0000e+00   0.0000e+00
   0.0000e+00   0.0000e+00
   0.0000e+00   0.0000e+00
   0.0000e+00   0.0000e+00

X_poly =

 Columns 1 through 6:

  -1.5937e+01   2.5398e+02  -4.0476e+03   6.4506e+04  -1.0280e+06   1.6383e+07
  -2.9153e+01   8.4990e+02  -2.4777e+04   7.2232e+05  -2.1058e+07   6.1390e+08
   3.6190e+01   1.3097e+03   4.7397e+04   1.7153e+06   6.2075e+07   2.2465e+09
   3.7492e+01   1.4057e+03   5.2701e+04   1.9759e+06   7.4080e+07   2.7774e+09
  -4.8059e+01   2.3097e+03  -1.1100e+05   5.3345e+06  -2.5637e+08   1.2321e+10
  -8.9415e+00   7.9950e+01  -7.1487e+02   6.3919e+03  -5.7153e+04   5.1103e+05
   1.5308e+01   2.3433e+02   3.5871e+03   5.4910e+04   8.4055e+05   1.2867e+07
  -3.4706e+01   1.2045e+03  -4.1805e+04   1.4509e+06  -5.0355e+07   1.7476e+09
   1.3892e+00   1.9297e+00   2.6807e+00   3.7239e+00   5.1731e+00   7.1863e+00
  -4.4384e+01   1.9699e+03  -8.7432e+04   3.8806e+06  -1.7223e+08   7.6444e+09
   7.0135e+00   4.9189e+01   3.4499e+02   2.4196e+03   1.6970e+04   1.1902e+05
   2.2763e+01   5.1814e+02   1.1794e+04   2.6847e+05   6.1112e+06   1.3911e+08

 Columns 7 and 8:

   0.0000e+00   0.0000e+00
   0.0000e+00   0.0000e+00
   0.0000e+00   0.0000e+00
   0.0000e+00   0.0000e+00
   0.0000e+00   0.0000e+00
   0.0000e+00   0.0000e+00
   0.0000e+00   0.0000e+00
   0.0000e+00   0.0000e+00
   0.0000e+00   0.0000e+00
   0.0000e+00   0.0000e+00
   0.0000e+00   0.0000e+00
   0.0000e+00   0.0000e+00

X_poly =

